NA  ABF1
P0  A  C  G  T
01  30.34  5.61  21.05  1.00
02  0.00  0.00  3.31  54.68
03  5.51  52.49  0.00  0.00
04  36.95  3.61  12.25  5.48
05  1.00  37.82  0.00  18.88
06  7.34  12.96  14.09  23.60
07  22.12  9.80  7.22  18.86
08  10.93  17.12  8.63  21.31
09  22.41  14.54  10.96  10.38
10  13.80  13.38  12.93  17.88
11  56.71  0.00  1.00  0.00
12  0.00  57.71  0.00  0.00
13  0.28  0.00  56.71  1.00
//
NA  ABF2
P0  A  C  G  T
01  11.52  11.52  2.56  102.40
02  0.00  128.00  0.00  0.00
03  0.00  0.00  0.00  128.00
04  128.00  0.00  0.00  0.00
05  0.00  0.00  128.00  0.00
06  121.60  2.56  2.56  2.56
//
NA  ACE2
P0  A  C  G  T
01  0.00  0.19  51.21  0.00
02  0.42  51.20  0.00  0.10
03  0.00  0.00  2.69  48.70
04  0.63  0.00  51.21  0.00
05  0.25  1.55  49.32  0.25
06  2.71  10.45  8.79  30.99
07  1.79  3.83  5.27  16.26
//
NA  ADR1
P0  A  C  G  T
01  10.75  0.88  0.88  2.20
02  0.00  29.08  0.00  0.00
03  0.00  18.29  0.00  11.31
04  0.00  28.49  0.97  0.00
05  0.00  27.04  0.00  2.64
06  23.13  1.66  4.27  0.00
07  17.88  9.87  0.73  0.73
08  0.00  9.33  0.00  6.20
//
NA  AFT1
P0  A  C  G  T
01  17.52  10.06  18.27  82.14
02  91.72  3.22  4.03  29.00
03  18.58  3.97  36.94  68.49
04  4.38  6.13  5.02  112.45
05  20.57  1.29  103.98  2.14
06  1.40  123.75  1.43  1.39
07  123.01  1.17  1.98  1.81
08  1.06  124.42  1.16  1.34
09  3.20  122.35  0.29  2.14
10  2.51  94.79  1.76  28.92
//
NA  AFT2
P0  A  C  G  T
01  89.60  0.00  38.40  0.00
02  0.00  128.00  0.00  0.00
03  128.00  0.00  0.00  0.00
04  0.00  128.00  0.00  0.00
05  0.00  128.00  0.00  0.00
06  0.00  128.00  0.00  0.00
//
NA  ARO80
P0  A  C  G  T
01  5.16  95.24  3.90  23.69
02  0.74  29.68  1.14  96.42
03  0.64  126.45  0.15  0.75
04  0.20  2.85  124.80  0.13
05  0.22  0.72  126.74  0.30
06  1.95  45.98  37.87  42.18
07  85.87  0.53  0.82  40.76
08  88.36  8.74  7.70  23.17
//
NA  ASG1
P0  A  C  G  T
01  6.66  109.11  3.10  9.11
02  2.42  114.10  10.49  0.96
03  1.01  12.29  112.19  2.49
04  6.15  9.35  107.31  5.16
05  29.95  53.75  36.46  7.82
06  33.81  64.49  7.97  21.71
07  5.16  7.97  83.38  31.47
08  61.84  8.44  27.89  29.81
09  7.49  9.35  82.62  28.53
10  105.10  7.12  10.66  133.10
11  13.93  61.12  32.50  147.16
12  5.16  235.31  9.35  6.15
13  2.49  240.19  12.29  1.01
14  0.96  10.49  242.10  2.42
15  39.83  3.10  206.39  6.66
//
NA  AZF1
P0  A  C  G  T
01  80.64  16.64  16.64  16.64
02  128.00  0.00  0.00  0.00
03  128.00  0.00  0.00  0.00
04  112.64  16.64  0.00  0.00
05  96.00  0.00  32.00  0.00
06  0.00  0.00  128.00  0.00
07  99.84  20.48  3.84  3.84
08  103.68  7.68  7.68  7.68
09  80.64  16.64  16.64  16.64
//
NA  BAS1
P0  A  C  G  T
01  22.21  3.09  59.99  4.11
02  8.83  64.81  12.79  2.97
03  4.73  82.13  0.70  1.84
04  72.78  43.19  55.55  13.45
05  3.96  0.30  173.40  0.60
06  174.49  0.45  2.06  0.43
07  2.40  0.57  174.08  0.38
08  0.81  0.92  0.44  175.26
09  4.22  171.21  0.64  1.36
10  79.76  3.80  1.45  4.39
//
NA  CAD1
P0  A  C  G  T
01  20.56  1.00  0.98  0.00
02  0.97  0.00  0.00  20.95
03  0.00  0.00  0.00  21.54
04  18.89  0.98  0.00  1.72
05  6.02  2.13  14.64  0.00
06  0.00  0.00  0.00  21.54
07  19.47  2.07  0.00  0.00
08  21.54  0.00  0.00  0.00
09  0.00  0.00  14.16  7.98
10  0.00  20.88  0.00  0.97
//
NA  CAT8
P0  A  C  G  T
01  0.00  128.00  0.00  0.00
02  0.00  128.00  0.00  0.00
03  0.00  0.00  128.00  0.00
04  0.00  0.00  128.00  0.00
05  84.48  16.64  26.88  0.00
//
NA  CBF1
P0  A  C  G  T
01  62.46  88.34  206.62  631.08
02  10.42  963.17  0.60  1.15
03  965.81  2.21  4.54  3.03
04  0.25  945.44  5.04  26.08
05  43.49  4.07  931.19  0.25
06  3.03  5.53  2.21  965.17
07  10.92  11.35  936.63  20.19
//
NA  CEP3
P0  A  C  G  T
01  8.58  119.71  16.89  112.07
02  0.60  3.21  1.88  250.29
03  1.15  251.42  2.28  1.13
04  0.61  36.28  218.53  0.57
05  0.55  1.85  252.76  0.81
06  216.66  6.62  19.53  13.16
07  232.16  5.38  7.22  12.50
//
NA  CHA4
P0  A  C  G  T
01  89.21  6.32  8.48  23.97
02  93.51  21.58  17.01  122.60
03  14.21  168.42  9.67  63.68
04  0.58  57.06  3.03  195.31
05  0.61  254.25  0.48  0.65
06  0.44  253.98  1.21  0.36
07  3.11  1.11  251.31  0.46
08  1.30  250.07  2.23  2.39
09  26.96  179.83  8.58  40.61
//
NA  CIN5
P0  A  C  G  T
01  0.00  3.41  7.96  165.87
02  11.50  6.19  20.35  137.95
03  168.47  0.00  8.34  0.00
04  9.73  109.47  8.37  49.36
05  67.02  19.47  79.38  13.67
06  0.98  0.98  0.00  174.65
07  158.92  16.35  0.97  0.00
08  176.00  0.00  0.00  0.00
09  1.76  23.48  61.27  91.56
10  41.08  104.41  7.07  26.37
//
NA  CRZ1
P0  A  C  G  T
01  80.64  46.08  1.28  1.28
02  0.00  0.00  128.00  0.00
03  0.00  128.00  0.00  0.00
04  0.00  126.72  0.00  0.00
05  53.76  38.40  8.96  26.88
06  8.96  97.28  10.24  10.24
//
NA  CST6
P0  A  C  G  T
01  1.28  1.28  1.28  122.88
02  1.28  1.28  116.48  8.96
03  128.00  0.00  0.00  0.00
04  0.00  128.00  0.00  0.00
05  6.40  0.00  121.60  0.00
06  0.00  0.00  0.00  128.00
//
NA  CUP2
P0  A  C  G  T
01  0.00  7.00  0.00  2.00
02  9.00  0.00  0.00  0.00
03  0.00  0.00  9.00  0.00
04  2.00  7.00  0.00  0.00
05  6.00  0.00  3.00  0.00
06  4.00  1.00  4.00  0.00
07  9.00  0.00  0.00  0.00
08  9.00  0.00  0.00  0.00
09  7.00  0.00  2.00  0.00
10  4.00  0.00  0.00  5.00
11  2.00  0.00  7.00  0.00
//
NA  CUP9
P0  A  C  G  T
01  107.86  7.40  34.34  106.37
02  187.71  0.30  0.76  67.21
03  16.63  0.59  19.65  219.12
04  37.78  13.93  204.17  0.09
05  0.53  14.90  0.16  240.39
06  0.40  0.45  253.59  1.53
07  12.14  13.01  0.17  230.67
08  0.26  254.92  0.32  0.49
09  225.05  4.41  14.23  11.02
//
NA  DAL80
P0  A  C  G  T
01  0.70  41.03  4.45  0.70
02  1.64  0.23  0.23  44.55
03  4.17  0.00  0.00  42.71
04  46.89  0.00  0.00  0.00
05  0.00  0.00  0.00  46.89
06  0.98  45.91  0.00  0.00
07  3.98  1.40  15.71  2.57
//
NA  DAL82
P0  A  C  G  T
01  0.00  3.00  2.00  0.00
02  3.00  1.00  1.00  0.00
03  3.00  0.00  2.00  0.00
04  1.55  1.55  6.40  0.55
05  0.00  10.00  0.00  0.00
06  0.00  0.00  10.00  0.00
07  0.00  10.00  0.00  0.00
08  7.70  0.00  1.30  1.00
09  5.05  2.10  0.55  2.30
10  2.75  1.15  1.15  4.95
11  1.60  0.25  0.55  7.65
12  0.70  0.70  0.70  7.84
13  0.00  1.00  0.00  4.00
14  0.00  3.00  2.00  0.00
//
NA  ECM22
P0  A  C  G  T
01  7.80  67.36  16.29  36.53
02  0.86  100.39  25.66  1.07
03  1.73  3.99  120.93  1.34
04  5.36  1.20  119.77  1.65
05  31.15  2.78  91.08  2.97
06  17.97  33.31  20.58  56.13
07  66.27  83.87  53.69  53.42
08  47.25  19.09  62.70  125.66
09  44.97  181.29  13.89  15.84
10  2.21  247.35  1.71  4.71
11  0.81  23.07  231.87  0.23
12  2.50  2.02  233.34  18.12
13  237.71  0.80  15.43  2.04
//
NA  ECM23
P0  A  C  G  T
01  92.16  14.08  12.80  8.96
02  12.80  2.56  110.08  2.56
03  128.00  0.00  0.00  0.00
04  3.84  0.00  0.00  124.16
05  1.28  115.20  3.84  8.96
06  17.92  24.32  17.92  67.84
//
NA  EDS1
P0  A  C  G  T
01  17.92  66.56  17.92  24.32
02  0.00  0.00  128.00  0.00
03  0.00  0.00  128.00  0.00
04  128.00  0.00  0.00  0.00
05  97.28  0.00  0.00  30.72
06  61.44  30.72  12.80  24.32
07  128.00  0.00  0.00  0.00
08  104.96  1.28  1.28  19.20
09  19.20  25.60  14.08  69.12
//
NA  FHL1
P0  A  C  G  T
01  20.67  18.01  186.83  1.34
02  215.14  0.53  4.67  3.22
03  0.25  202.67  0.17  22.44
04  1.33  3.03  215.69  4.45
05  0.58  195.35  0.19  29.37
06  164.41  1.40  52.47  9.09
07  85.07  36.93  17.12  13.09
08  79.55  17.75  14.59  38.81
//
NA  FKH1
P0  A  C  G  T
01  198.69  29.51  33.42  64.57
02  197.18  39.66  31.95  55.92
03  147.73  28.99  44.74  107.42
04  78.12  48.24  63.84  142.66
05  88.13  0.71  236.17  1.28
06  1.25  20.16  6.58  295.87
07  315.05  6.19  0.14  0.29
08  316.04  1.92  1.15  2.61
09  319.21  0.21  0.44  1.94
10  0.19  286.39  0.24  41.17
11  314.43  0.22  9.48  0.77
12  272.47  7.41  23.78  25.46
13  184.10  32.92  43.47  71.10
//
NA  FKH2
P0  A  C  G  T
01  188.78  43.27  51.00  62.81
02  211.59  38.81  42.67  52.35
03  182.89  43.45  53.63  72.54
04  135.33  49.70  61.45  106.72
05  111.83  1.96  407.32  0.36
06  2.51  9.31  0.16  502.24
07  503.73  9.98  0.13  0.26
08  508.97  1.97  2.12  1.37
09  508.73  2.12  2.58  2.64
10  0.30  453.41  0.22  65.13
11  504.39  0.21  10.76  0.94
12  269.81  18.25  20.87  41.58
13  118.33  4.34  18.43  31.84
//
NA  FZF1
P0  A  C  G  T
01  0.00  128.00  0.00  0.00
02  0.00  0.00  0.00  128.00
03  128.00  0.00  0.00  0.00
04  0.00  0.00  0.00  128.00
05  0.00  128.00  0.00  0.00
06  128.00  0.00  0.00  0.00
//
NA  GAL4
P0  A  C  G  T
01  0.40  12.56  0.41  16.31
02  0.13  56.96  0.12  0.26
03  0.12  0.47  56.73  0.15
04  0.23  4.47  51.78  1.28
05  13.89  9.92  28.21  8.44
06  10.34  18.79  18.93  12.40
07  17.62  15.52  17.45  11.32
08  30.81  7.42  12.80  8.40
09  13.09  20.38  15.52  9.36
10  26.55  10.77  7.42  14.79
11  14.01  13.34  24.86  9.46
12  8.38  15.09  12.36  25.28
13  19.12  12.59  18.47  11.46
14  7.42  21.79  14.71  15.66
15  9.77  11.34  11.61  27.43
16  0.31  56.84  0.08  0.23
17  0.15  55.06  2.13  0.12
18  0.26  0.12  56.96  0.13
19  16.31  0.41  12.56  0.40
//
NA  GAL80
P0  A  C  G  T
01  0.00  7.06  0.00  0.00
02  0.00  0.00  7.06  0.00
03  0.00  0.00  7.06  0.00
04  4.14  1.88  1.55  0.00
05  2.77  0.66  4.11  0.00
06  1.80  1.83  3.82  2.47
07  5.00  1.88  1.05  0.00
08  0.00  3.46  0.77  4.74
09  0.00  0.00  1.15  6.32
10  0.00  3.11  4.18  0.00
11  0.00  1.89  0.00  5.97
12  0.88  4.65  2.70  0.00
13  2.77  1.88  2.64  0.00
14  0.00  1.66  0.67  5.98
15  0.00  5.65  1.41  0.00
16  0.00  7.06  0.00  0.00
17  0.00  0.00  7.06  0.00
//
NA  GAT1
P0  A  C  G  T
01  0.31  18.24  9.74  11.60
02  1.24  99.95  10.83  8.40
03  0.13  4.61  0.08  115.03
04  1.20  0.02  0.03  118.01
05  118.97  0.05  0.19  0.07
06  0.07  0.09  2.04  117.25
07  0.10  118.98  0.06  0.12
08  34.47  2.32  46.69  36.57
//
NA  GAT3
P0  A  C  G  T
01  174.38  12.90  59.79  8.92
02  13.15  2.90  237.25  1.40
03  241.60  0.04  0.23  14.12
04  36.12  0.17  1.33  218.36
05  3.89  246.07  1.57  4.45
06  7.77  43.56  5.24  199.41
07  189.74  25.48  25.13  15.63
08  45.53  155.20  29.40  24.56
//
NA  GAT4
P0  A  C  G  T
01  41.94  50.56  27.07  137.70
02  212.14  5.53  32.97  5.34
03  5.99  0.28  248.06  0.36
04  244.21  0.12  0.26  11.38
05  8.82  0.26  0.12  245.49
06  0.36  251.90  0.28  2.15
07  6.62  53.45  4.25  191.66
08  155.62  29.63  46.72  24.02
//
NA  GCN4
P0  A  C  G  T
01  152.53  10.11  117.95  4.49
02  3.18  2.42  1.82  277.67
03  5.66  16.60  477.86  71.64
04  521.08  17.09  1.27  28.01
05  3.59  126.81  438.21  1.46
06  3.92  1.27  3.91  557.82
07  33.47  532.08  1.50  0.84
08  559.31  1.82  3.40  3.18
09  13.84  200.48  32.55  332.68
//
NA  GCR1
P0  A  C  G  T
01  7.19  0.31  0.77  18.22
02  0.00  1.42  23.18  0.00
03  0.00  0.22  24.38  0.00
04  24.60  0.00  0.00  0.00
05  21.57  0.10  0.00  2.94
06  0.09  0.13  23.26  1.21
07  5.53  17.03  0.00  2.40
08  0.00  19.33  0.15  6.51
//
NA  GIS1
P0  A  C  G  T
01  0.00  124.16  0.00  3.84
02  0.00  128.00  0.00  0.00
03  0.00  128.00  0.00  0.00
04  0.00  111.36  0.00  16.64
05  0.00  0.00  0.00  128.00
06  62.72  5.12  19.20  40.96
07  58.88  14.08  20.48  34.56
//
NA  GLN3
P0  A  C  G  T
01  10.41  55.03  8.47  30.71
02  72.64  33.76  0.30  103.01
03  0.65  0.12  310.15  0.41
04  310.53  0.20  0.26  0.34
05  0.24  0.43  0.19  310.47
06  265.68  0.43  0.07  45.34
07  253.30  0.61  44.27  14.40
08  21.54  21.94  152.73  10.62
09  70.06  30.38  108.12  8.79
10  44.56  71.00  55.98  43.13
11  7.92  71.81  5.74  19.15
//
NA  GSM1
P0  A  C  G  T
01  72.45  2.88  2.25  50.41
02  108.72  1.19  2.64  15.42
03  51.24  21.07  23.38  32.30
04  0.47  117.31  1.34  8.85
05  0.61  22.75  4.97  99.65
06  0.40  126.16  0.17  1.26
07  0.12  124.48  3.26  0.12
08  0.10  3.93  123.79  0.16
09  17.47  0.53  108.71  1.27
10  90.73  7.77  25.31  4.18
//
NA  GZF3
P0  A  C  G  T
01  10.68  2.08  1.91  2.05
02  2.07  0.93  2.84  10.93
03  0.97  9.36  1.41  4.97
04  1.08  4.15  9.59  2.29
05  0.02  16.17  0.46  0.07
06  0.02  0.03  0.02  16.65
07  4.32  0.00  0.01  12.39
08  16.68  0.01  0.02  0.02
09  0.01  0.02  0.01  16.68
10  0.02  16.69  0.01  0.01
11  5.79  0.03  2.24  0.32
12  0.93  0.32  6.03  1.10
13  1.43  3.64  0.62  2.68
//
NA  HAC1
P0  A  C  G  T
01  30.72  7.68  71.68  19.20
02  87.04  40.96  0.00  0.00
03  0.00  128.00  0.00  0.00
04  128.00  0.00  0.00  0.00
05  0.00  128.00  0.00  0.00
06  0.00  0.00  128.00  0.00
07  0.00  0.00  0.00  128.00
//
NA  HAL9
P0  A  C  G  T
01  1.32  7.24  23.88  95.54
02  5.55  116.05  4.96  1.42
03  0.68  107.78  11.45  8.07
04  0.96  4.34  114.6  8.08
05  32.0  32.0  32.0  32.0
06  32.0  32.0  32.0  32.0
07  32.0  32.0  32.0  32.0
08  32.0  32.0  32.0  32.0
09  32.0  32.0  32.0  32.0
10  32.0  32.0  32.0  32.0
11  32.0  32.0  32.0  32.0
12  32.0  32.0  32.0  32.0
13  32.0  32.0  32.0  32.0
14  16.18  39.57  55.44  16.79
15  8.08  114.6  4.34  0.96
16  8.07  11.45  107.78  0.68
17  1.42  4.96  116.05  5.55
18  95.54  23.88  7.24  1.32
//
NA  HAP1
P0  A  C  G  T
01  2.16  42.89  32.92  0.00
02  0.00  77.97  0.00  0.00
03  0.97  0.00  77.25  0.00
04  44.92  9.56  11.81  12.95
05  32.26  10.73  8.78  107.63
06  143.94  6.06  5.75  3.19
07  62.28  10.00  3.19  85.39
08  19.92  69.15  22.97  50.21
09  3.14  17.81  18.67  118.94
10  0.00  156.16  0.00  1.67
11  0.00  157.83  0.00  0.00
12  8.51  15.82  118.14  16.70
//
NA  HAP2
P0  A  C  G  T
01  0.00  0.00  0.00  39.39
02  0.00  0.00  0.40  38.98
03  0.22  0.00  39.22  0.00
04  0.00  0.00  39.32  0.07
05  6.75  16.19  1.31  18.47
//
NA  HAP3
P0  A  C  G  T
01  0.00  5.16  5.37  17.79
02  3.70  20.74  2.98  3.26
03  0.00  4.61  0.00  23.79
04  0.98  8.97  14.73  4.84
05  27.37  0.00  0.00  0.00
06  0.00  0.00  0.00  27.37
07  0.00  0.00  0.00  27.37
08  0.00  0.00  27.37  0.00
09  0.00  0.00  27.37  0.00
10  0.00  14.80  0.00  15.49
11  0.97  11.69  4.06  12.58
12  8.09  11.75  10.38  0.98
13  14.58  2.65  9.18  3.39
14  10.87  2.66  13.51  3.39
15  15.82  6.02  2.96  6.65
//
NA  HAP4
P0  A  C  G  T
01  0.00  0.00  0.00  49.42
02  2.96  0.29  46.18  0.00
03  49.42  0.00  0.00  0.00
04  0.00  0.00  0.07  49.35
05  0.06  0.00  0.00  49.36
06  0.00  0.00  49.42  0.00
07  0.00  0.00  45.81  3.61
08  1.76  22.96  4.07  23.05
09  2.63  32.52  1.80  14.14
//
NA  HAP5
P0  A  C  G  T
01  2.00  19.15  21.08  0.97
02  1.14  15.13  24.85  4.33
03  8.26  11.37  21.55  4.53
04  18.17  14.51  4.40  10.03
05  1.27  6.37  12.73  23.89
06  0.98  31.99  6.77  6.24
07  0.00  7.00  0.00  37.13
08  5.37  13.08  19.04  7.93
09  41.56  0.00  0.00  0.00
10  0.00  0.00  0.00  41.56
11  0.00  0.00  2.34  39.22
12  3.87  0.00  37.88  0.00
13  3.61  4.97  31.23  2.62
14  0.00  17.30  0.00  28.08
//
NA  HCM1
P0  A  C  G  T
01  65.28  20.48  32.00  10.24
02  34.56  10.24  5.12  78.08
03  85.76  40.96  1.28  1.28
04  121.60  6.40  0.00  0.00
05  128.00  0.00  0.00  0.00
06  1.28  110.08  0.00  16.64
07  121.60  2.56  2.56  2.56
08  74.23  21.76  14.08  17.92
//
NA  HMRA2
P0  A  C  G  T
01  7.68  85.76  7.68  26.88
02  69.12  0.00  58.88  0.00
03  5.12  0.00  0.00  122.88
04  0.00  0.00  128.00  0.00
05  0.00  0.00  0.00  128.00
06  119.04  0.00  0.00  8.96
07  112.64  2.56  2.56  11.52
08  51.20  10.24  10.24  56.32
//
NA  HSF1
P0  A  C  G  T
01  49.70  10.55  43.16  0.00
02  1.30  0.00  98.27  0.00
03  98.52  0.00  0.78  0.00
04  90.87  0.54  5.40  2.97
05  14.37  44.64  15.95  31.58
06  20.17  40.70  28.40  19.51
07  4.02  19.17  9.21  71.66
08  6.62  25.94  0.20  70.22
09  98.12  70.67  27.20  9.12
10  11.04  21.47  3.34  169.11
11  78.90  11.05  116.70  0.00
12  0.00  0.11  201.41  0.00
13  201.41  0.07  0.10  0.00
14  199.47  0.00  2.85  0.00
//
NA  INO2
P0  A  C  G  T
01  12.38  10.62  26.09  1.58
02  0.10  48.88  0.00  0.00
03  43.46  2.82  0.76  2.44
04  0.00  0.73  0.00  48.44
05  3.01  0.00  45.98  0.00
06  2.85  0.32  1.00  45.30
07  0.00  0.00  48.98  0.00
08  43.25  2.43  4.03  0.00
09  46.68  0.00  2.31  0.00
10  42.47  0.00  6.12  2.09
11  33.42  0.00  6.28  10.09
//
NA  INO4
P0  A  C  G  T
01  12.38  10.62  26.09  1.58
02  0.10  48.88  0.00  0.00
03  43.46  2.82  0.76  2.44
04  0.00  0.73  0.00  48.44
05  3.01  0.00  45.98  0.00
06  2.85  0.32  1.00  45.30
07  0.00  0.00  48.98  0.00
08  43.25  2.43  4.03  0.00
09  46.68  0.00  2.31  0.00
10  42.47  0.00  6.12  2.09
11  33.42  0.00  6.28  10.09
//
NA  LEU3
P0  A  C  G  T
01  6.52  60.91  5.63  6.68
02  9.15  61.59  2.82  6.11
03  14.37  3.73  46.14  15.42
04  16.19  5.46  33.87  24.42
05  14.92  11.28  6.05  47.69
06  42.88  12.85  6.54  18.95
07  2.16  67.16  10.80  0.41
08  2.24  77.21  0.19  0.02
09  0.11  0.18  79.32  0.05
10  0.03  18.82  60.71  0.10
11  6.42  17.38  1.32  1.51
12  3.17  1.24  20.53  1.69
13  13.41  1.47  2.42  9.34
14  15.82  2.38  2.23  6.21
//
NA  LYS14
P0  A  C  G  T
01  100.43  1.39  6.36  19.80
02  208.44  9.10  18.05  21.67
03  240.59  0.08  0.21  15.10
04  0.82  0.19  0.14  254.83
05  0.15  5.94  0.12  249.77
06  0.22  254.43  1.21  0.12
07  0.32  255.16  0.22  0.28
08  5.70  13.55  231.03  5.70
09  15.02  50.11  115.75  76.38
10  23.32  12.91  58.59  33.17
//
NA  MAC1
P0  A  C  G  T
01  1.08  0.00  0.00  16.33
02  0.89  0.00  2.19  14.51
03  0.00  0.00  0.00  17.15
04  1.16  0.00  15.99  0.00
05  0.00  17.15  0.00  0.00
06  0.00  0.00  0.00  17.15
07  0.00  17.15  0.00  0.00
08  9.58  0.00  6.55  1.14
//
NA  MATALPHA2
P0  A  C  G  T
01  10  0  0  0
02  6  0  0  4
03  1  0  1  8
04  0  0  0  10
05  10  0  0  0
06  0  10  0  0
07  10  0  0  0
08  0  2  0  8
09  1  0  9  0
//
NA  MBP1
P0  A  C  G  T
01  12.46  46.43  4.38  162.39
02  10.52  49.17  149.62  16.35
03  492.30  22.91  46.48  114.04
04  0.98  667.30  3.84  2.27
05  48.49  2.02  622.78  0.39
06  0.49  604.40  2.09  67.98
07  1.83  7.25  664.30  0.39
08  96.58  56.51  35.79  488.47
09  115.83  279.97  64.36  226.83
//
NA  MCM1
P0  A  C  G  T
01  30.65  41.84  15.87  127.38
02  31.52  15.54  56.45  112.22
03  26.66  20.54  22.78  145.77
04  24.39  180.27  1.68  9.40
05  1.99  180.06  1.29  32.39
06  25.92  65.60  87.67  36.55
07  127.18  15.70  36.75  36.10
08  143.19  2.27  8.41  61.87
09  65.87  6.41  2.27  141.19
10  36.10  32.75  17.70  129.18
11  73.32  43.69  73.86  24.87
12  31.39  1.29  181.06  1.99
13  9.40  1.68  181.27  23.39
14  147.83  24.24  9.05  34.62
15  151.36  31.11  15.19  18.07
16  126.12  18.38  38.83  32.40
//
NA  MET31
P0  A  C  G  T
01  11.60  0.00  0.00  0.00
02  16.05  1.17  4.45  1.75
03  3.43  13.33  3.51  3.12
04  1.64  1.64  2.17  17.98
05  0.25  0.00  23.08  0.00
06  0.36  0.00  0.00  23.09
07  0.00  0.00  22.88  0.59
08  0.43  0.00  23.12  0.15
09  0.15  19.44  0.00  4.11
10  1.17  0.00  8.09  2.34
//
NA  MET32
P0  A  C  G  T
01  22.78  11.01  10.90  9.81
02  32.64  6.59  5.22  8.84
03  45.23  0.56  5.02  2.05
04  4.19  33.61  12.17  2.95
05  0.55  1.12  0.30  50.99
06  0.50  1.22  50.97  0.04
07  0.18  0.57  0.15  51.93
08  0.06  0.08  52.53  0.08
09  3.87  0.12  48.89  0.24
10  0.17  26.15  0.05  0.17
11  0.61  0.08  21.84  4.01
12  0.17  16.17  1.52  8.68
//
NA  MGA1
P0  A  C  G  T
01  100.80  0.39  25.36  1.43
02  24.59  14.09  21.25  68.06
03  89.84  25.23  12.58  0.34
04  0.76  0.28  126.62  0.33
05  126.84  0.27  0.50  0.38
06  126.74  0.26  0.25  0.73
07  1.54  104.38  2.02  20.04
08  108.09  5.10  10.59  4.21
09  8.76  64.75  9.02  45.45
//
NA  MIG1
P0  A  C  G  T
01  0.44  3.58  0.30  3.67
02  4.95  7.64  1.31  2.08
03  1.10  22.66  0.09  0.13
04  1.00  22.56  0.00  0.41
05  0.01  23.94  0.02  0.02
06  0.03  23.91  0.03  0.01
07  10.38  0.26  12.23  1.11
08  0.43  14.21  8.73  0.60
09  10.90  0.46  2.05  2.56
10  1.49  2.03  0.33  12.13
11  3.65  1.13  0.53  10.68
12  6.07  1.43  0.79  7.70
13  2.13  2.02  0.39  3.44
14  2.05  1.10  0.30  4.53
//
NA  MIG2
P0  A  C  G  T
01  41.71  14.59  54.28  17.40
02  19.88  45.29  8.65  54.16
03  19.34  8.45  8.78  91.41
04  92.02  8.12  22.91  4.93
05  2.22  249.45  2.61  1.69
06  0.05  250.51  0.09  5.32
07  0.22  255.14  0.45  0.18
08  0.17  254.97  0.66  0.18
09  76.46  14.31  163.81  1.40
10  6.46  220.63  22.29  7.88
11  160.24  32.38  41.77  20.31
12  51.68  20.55  5.88  49.88
13  26.50  8.63  2.84  90.01
//
NA  MIG3
P0  A  C  G  T
01  36.30  14.70  62.96  14.01
02  22.75  38.45  8.12  58.66
03  27.54  13.99  7.65  78.79
04  96.40  12.78  13.60  5.19
05  2.14  252.03  1.40  1.70
06  0.09  244.71  0.16  11.03
07  0.14  255.11  0.38  0.35
08  0.16  254.75  0.89  0.17
09  79.88  2.92  170.45  1.45
10  6.67  207.46  30.23  11.63
11  159.40  30.64  46.48  19.46
12  41.61  13.55  7.53  65.29
13  32.13  12.51  3.08  80.25
//
NA  MSN2
P0  A  C  G  T
01  16.25  5.26  1.35  24.84
02  37.58  6.93  0.09  2.27
03  49.81  2.65  20.49  0.00
04  0.15  0.86  70.70  0.00
05  0.59  0.00  71.43  0.00
06  0.00  0.00  71.71  0.00
07  0.09  0.00  71.64  0.00
//
NA  MSN4
P0  A  C  G  T
01  16.25  5.26  1.35  24.84
02  37.58  6.93  0.09  2.27
03  58.53  0.00  14.42  0.00
04  0.15  0.86  70.32  0.00
05  0.59  0.00  71.05  0.00
06  0.00  0.00  71.33  0.00
07  0.09  0.00  71.26  0.37
//
NA  NDT80
P0  A  C  G  T
01  12.72  14.66  63.39  37.21
02  24.06  2.58  86.49  14.85
03  56.86  61.91  5.37  3.84
04  1.56  121.46  0.58  4.38
05  120.37  0.99  5.80  0.82
06  2.36  123.86  0.89  0.88
07  123.58  0.52  1.22  2.65
08  124.19  0.64  2.03  1.13
09  120.99  0.45  1.81  4.73
10  91.37  3.18  30.30  3.13
11  63.59  22.88  10.55  30.96
12  15.84  80.75  12.25  19.14
13  16.36  42.18  56.33  13.11
//
NA  NHP10
P0  A  C  G  T
01  25.60  12.80  76.80  12.80
02  10.24  99.84  10.24  10.24
03  0.00  128.00  0.00  0.00
04  0.00  0.00  128.00  0.00
05  0.00  0.00  128.00  0.00
06  0.00  0.00  128.00  0.00
07  0.00  0.00  128.00  0.00
08  87.04  10.24  23.04  10.24
//
NA  NHP6A
P0  A  C  G  T
01  13.42  66.15  6.29  42.12
02  43.47  16.71  9.16  58.64
03  62.87  32.08  8.23  24.81
04  14.60  3.08  0.82  109.48
05  115.69  1.37  3.41  7.50
06  16.20  3.79  1.07  106.92
07  108.48  2.08  5.61  11.81
08  7.31  5.47  3.65  111.55
09  95.50  2.15  2.66  27.67
10  83.20  3.85  19.61  21.32
//
NA  NHP6B
P0  A  C  G  T
01  50.40  8.94  3.35  65.29
02  74.05  11.50  6.64  35.79
03  21.64  8.40  2.06  95.88
04  103.39  4.19  8.58  11.81
05  11.81  8.58  4.19  103.39
06  95.88  2.06  8.40  21.64
07  35.79  6.64  11.50  74.05
08  65.29  3.35  8.94  50.40
09  59.04  12.36  15.59  41.00
10  47.67  13.65  14.31  52.36
11  59.63  10.77  43.03  14.55
//
NA  NRG1
P0  A  C  G  T
01  95.37  19.16  34.17  91.86
02  57.63  1.33  180.72  0.42
03  8.54  0.29  207.68  18.97
04  197.37  0.25  30.52  8.42
05  3.85  230.30  0.08  1.37
06  0.32  226.33  0.19  8.59
07  0.49  232.98  1.18  0.30
08  0.05  4.27  0.38  113.76
09  5.51  1.08  57.86  54.02
//
NA  OAF1
P0  A  C  G  T
01  39.03  13.58  14.28  61.08
02  32.65  22.39  21.92  177.73
03  200.45  10.65  9.99  33.60
04  93.96  8.09  11.01  144.20
05  64.97  135.59  21.67  33.75
06  1.72  78.51  10.88  164.87
07  0.35  253.79  1.10  0.75
08  0.58  250.96  3.82  0.62
09  1.02  0.69  253.67  0.61
10  142.14  16.47  74.19  23.18
//
NA  ORC1
P0  A  C  G  T
01  10.00  5.00  0.00  18.00
02  7.00  0.00  3.00  23.00
03  3.00  0.00  0.00  30.00
04  7.00  0.00  3.00  23.00
05  1.00  0.00  0.00  32.00
06  1.00  0.00  0.00  32.00
07  1.00  2.00  0.00  30.00
08  29.00  0.00  0.00  4.00
09  3.00  4.00  0.00  26.00
10  11.00  1.00  14.00  7.00
11  0.00  1.00  0.00  32.00
12  3.00  1.00  0.00  29.00
13  0.00  0.00  0.00  33.00
14  18.00  0.00  0.00  15.00
15  0.00  5.00  18.00  10.00
16  0.00  0.00  7.00  26.00
17  2.00  4.00  0.00  27.00
//
NA  PBF1
P0  A  C  G  T
01  83.10  6.49  12.35  26.04
02  8.68  50.78  55.85  12.67
03  2.65  100.38  24.75  0.21
04  0.27  3.80  5.93  117.98
05  0.28  126.94  0.30  0.47
06  124.91  0.09  0.22  2.77
07  0.20  0.14  2.37  125.27
08  0.11  125.30  0.20  2.37
09  6.72  2.55  111.35  7.37
10  17.36  83.90  23.85  2.87
//
NA  PBF2
P0  A  C  G  T
01  18.15  61.51  18.63  29.70
02  66.10  7.64  17.71  36.53
03  10.19  53.83  50.22  13.74
04  3.71  98.56  25.30  0.41
05  0.77  6.69  10.67  109.86
06  0.17  126.81  0.63  0.38
07  124.48  0.07  0.17  3.26
08  0.21  0.11  3.55  124.11
09  0.11  124.01  0.17  3.70
10  4.63  1.19  112.14  10.02
11  28.65  73.69  22.72  2.92
//
NA  PDR1
P0  A  C  G  T
01  0.00  2.00  2.00  11.00
02  0.00  5.00  0.00  10.00
03  1.20  4.20  2.25  22.19
04  0.00  30.00  0.00  0.00
05  0.00  30.00  0.00  0.00
06  7.95  0.00  22.05  0.00
07  0.30  28.20  1.20  0.30
08  1.20  0.30  28.20  0.30
09  1.50  1.44  26.45  0.44
10  23.30  1.20  4.30  1.20
//
NA  PDR3
P0  A  C  G  T
01  0.00  2.00  2.00  11.00
02  0.00  5.00  0.00  10.00
03  0.00  0.00  0.00  15.00
04  0.00  15.00  0.00  0.00
05  0.00  15.00  0.00  0.00
06  6.00  0.00  9.00  0.00
07  0.00  15.00  0.00  0.00
08  0.00  0.00  15.00  0.00
09  0.00  1.00  14.00  0.00
10  14.00  0.00  1.00  0.00
//
NA  PDR8
P0  A  C  G  T
01  0.00  128.00  0.00  0.00
02  0.00  0.00  128.00  0.00
03  0.00  0.00  128.00  0.00
04  128.00  0.00  0.00  0.00
05  10.24  10.24  108.80  0.00
06  128.00  0.00  0.00  0.00
07  16.64  7.68  7.68  96.00
//
NA  PHD1
P0  A  C  G  T
01  16.78  142.87  74.38  20.67
02  124.86  83.84  31.88  14.11
03  0.56  17.35  0.35  236.45
04  1.87  0.71  251.62  0.50
05  0.64  251.04  0.29  4.01
06  240.16  1.74  11.73  2.35
07  12.05  31.54  72.19  140.19
08  66.17  120.90  42.96  25.95
09  120.82  46.50  39.44  49.22
//
NA  PHO2
P0  A  C  G  T
01  4.66  5.77  1.68  11.95
02  3.54  1.12  0.04  19.28
03  19.13  0.17  0.10  4.58
04  16.96  0.03  0.02  6.97
05  4.29  0.02  0.03  19.64
06  7.62  0.10  0.17  16.09
07  8.24  3.04  2.12  2.58
08  11.67  2.04  1.77  0.50
09  9.10  0.57  0.29  6.02
10  2.50  2.85  1.64  9.00
//
NA  PHO4
P0  A  C  G  T
01  8.67  47.31  95.13  7.99
02  8.28  138.46  1.60  9.67
03  123.54  3.22  31.05  0.15
04  0.01  136.99  0.09  20.59
05  19.41  0.18  138.50  0.01
06  1.25  26.30  5.08  125.96
07  2.93  0.18  136.85  18.67
08  0.25  26.78  20.77  4.98
//
NA  PUT3
P0  A  C  G  T
01  4.69  1.64  1.48  3.43
02  1.15  1.73  1.27  7.09
03  0.14  10.12  0.05  0.91
04  0.04  10.75  0.07  0.35
05  0.01  10.46  0.73  0.01
06  0.01  0.90  10.29  0.00
07  1.56  0.40  8.99  0.24
08  1.61  0.88  7.63  1.01
09  3.28  0.55  0.79  0.98
10  2.74  0.75  0.71  1.40
//
NA  RAP1
P0  A  C  G  T
01  23.52  90.19  15.68  1.30
02  231.92  8.60  16.60  2.08
03  1.36  213.87  0.00  42.48
04  1.58  252.97  1.61  1.44
05  1.30  244.46  0.00  11.81
06  198.62  1.73  56.97  2.61
07  52.65  44.53  31.12  141.42
08  186.72  4.78  41.83  30.88
09  1.37  252.73  0.61  3.93
10  200.99  56.75  2.77  1.41
11  1.88  64.99  0.16  68.66
//
NA  RDR1
P0  A  C  G  T
01  59.30  31.95  30.51  135.50
02  2.17  12.37  232.22  9.22
03  0.33  253.91  0.66  1.08
04  0.44  0.77  254.34  0.43
05  0.42  0.56  254.60  0.41
06  232.02  2.45  20.40  1.10
07  153.50  0.86  3.20  98.42
08  135.73  69.94  31.18  20.42
09  21.04  19.92  26.97  60.05
//
NA  RDS1
P0  A  C  G  T
01  0.08  0.09  3.38  14.61
02  0.23  51.74  0.39  2.12
03  0.22  2.91  51.02  0.01
04  0.02  0.75  53.00  0.06
05  0.06  50.45  3.29  0.02
06  0.01  49.28  5.10  0.22
07  1.00  2.21  50.86  0.05
08  32.53  14.00  6.15  2.61
//
NA  RDS2
P0  A  C  G  T
01  26.46  18.39  63.13  20.01
02  85.42  7.78  17.88  16.90
03  98.74  4.23  12.84  12.17
04  102.83  7.58  4.31  13.26
05  82.00  100.42  14.84  59.99
06  1.85  187.41  2.51  64.22
07  0.41  252.88  2.34  0.35
08  0.26  251.07  4.19  0.45
09  0.56  0.27  254.58  0.58
10  250.12  1.93  1.25  2.68
//
NA  REB1
P0  A  C  G  T
01  63.00  41.43  166.56  211.40
02  128.25  488.71  176.70  131.40
03  232.97  652.26  7.37  7.20
04  0.00  0.00  894.97  0.00
05  0.00  0.00  894.97  0.00
06  0.00  0.00  894.22  0.97
07  0.00  1.95  0.00  893.50
08  867.58  5.16  20.74  9.28
09  876.61  0.97  17.81  4.99
10  68.36  468.39  81.02  316.35
11  218.20  98.73  133.19  55.44
//
NA  REI1
P0  A  C  G  T
01  0.00  121.60  0.00  6.40
02  6.40  121.60  0.00  0.00
03  0.00  128.00  0.00  0.00
04  0.00  128.00  0.00  0.00
05  0.00  0.00  0.00  128.00
06  0.00  0.00  121.60  6.40
07  71.68  10.24  29.44  16.64
//
NA  RFX1
P0  A  C  G  T
01  0.00  0.00  0.00  19.20
02  0.00  2.60  0.00  16.71
03  2.86  0.61  13.98  1.86
04  0.00  16.49  0.62  2.99
05  0.00  12.01  0.00  7.67
06  14.10  0.00  5.10  0.00
07  0.78  3.92  1.64  32.56
08  11.47  0.39  26.76  0.39
09  10.28  0.54  29.44  0.00
10  0.00  31.73  0.62  6.46
11  37.66  0.00  1.15  0.00
12  38.70  0.00  0.00  0.00
13  0.32  38.25  0.15  0.00
//
NA  RGM1
P0  A  C  G  T
01  128.00  0.00  0.00  0.00
02  0.00  0.00  128.00  0.00
03  0.00  0.00  128.00  0.00
04  0.00  0.00  128.00  0.00
05  14.08  15.36  98.56  0.00
//
NA  RGT1
P0  A  C  G  T
01  9.42  2.94  7.09  40.81
02  4.49  13.04  6.70  36.27
03  7.80  10.69  4.28  37.49
04  7.17  7.74  8.13  37.41
05  10.37  55.74  6.36  17.97
06  2.59  85.76  1.07  1.51
07  1.20  0.42  88.92  0.03
08  0.04  0.43  59.86  0.04
09  56.10  0.08  4.05  0.14
10  34.41  1.35  7.13  17.45
11  31.35  8.99  6.02  13.99
12  52.28  0.05  0.67  7.65
13  42.99  0.02  0.13  17.23
//
NA  RIM101
P0  A  C  G  T
01  11.52  55.04  11.52  49.92
02  0.00  0.00  128.00  0.00
03  0.00  128.00  0.00  0.00
04  0.00  128.00  0.00  0.00
05  128.00  0.00  0.00  0.00
06  128.00  0.00  0.00  0.00
07  0.00  0.00  128.00  0.00
//
NA  RLM1
P0  A  C  G  T
01  11.43  0.00  7.19  0.00
02  0.00  2.16  12.54  2.64
03  1.78  8.96  4.11  4.59
04  9.13  0.00  0.00  8.22
05  16.96  0.00  0.98  0.00
06  17.34  0.00  0.00  0.00
07  7.47  0.00  6.59  3.89
08  5.70  3.14  0.00  9.51
09  1.95  0.00  0.00  15.40
10  0.00  3.33  0.00  14.92
11  15.40  0.00  1.95  0.00
12  9.65  0.00  8.71  0.00
13  17.34  0.00  0.00  0.00
14  12.04  0.00  0.00  6.28
//
NA  ROX1
P0  A  C  G  T
01  1.97  8.29  0.00  10.00
02  0.00  16.91  0.00  2.07
03  0.00  10.67  0.00  8.77
04  35.36  0.00  0.00  3.06
05  0.00  0.00  0.00  38.42
06  0.00  0.00  0.00  38.42
07  0.00  0.00  38.42  0.00
08  0.00  0.00  0.00  38.42
09  4.28  5.43  3.69  25.48
10  5.05  18.44  6.95  9.23
11  4.66  5.82  8.67  20.33
12  0.00  11.02  0.00  9.02
//
NA  RPH1
P0  A  C  G  T
01  73.18  6.68  17.08  31.04
02  61.86  4.12  15.46  46.54
03  38.31  12.51  11.13  195.31
04  62.08  15.33  2.62  175.94
05  251.53  1.79  1.94  0.72
06  28.64  0.26  226.68  0.40
07  1.01  0.35  254.02  0.61
08  0.80  0.38  254.12  0.68
09  2.63  0.63  248.44  4.28
10  38.86  22.89  66.31  127.92
//
NA  RPN4
P0  A  C  G  T
01  13.14  0.00  97.53  0.00
02  0.00  0.00  110.67  0.00
03  0.00  4.88  0.00  105.79
04  0.00  0.00  110.67  0.00
05  0.97  0.00  109.96  0.00
06  0.00  110.67  0.00  0.00
07  90.83  0.00  16.44  4.68
08  110.67  0.00  0.00  0.00
09  103.24  4.36  2.25  1.47
10  72.23  13.08  3.65  25.84
//
NA  RSC3
P0  A  C  G  T
01  79.93  16.40  19.71  11.94
02  55.15  78.08  83.68  40.35
03  22.82  149.72  50.15  33.29
04  30.51  29.05  184.11  11.03
05  0.36  253.20  0.86  0.28
06  0.36  2.02  252.15  0.17
07  0.74  252.54  0.54  0.88
08  6.60  7.46  241.51  0.41
09  10.24  94.39  13.77  9.57
10  5.71  24.46  36.08  61.73
//
NA  RSC30
P0  A  C  G  T
01  14.49  89.53  8.18  15.78
02  13.03  30.89  79.80  4.26
03  2.03  201.91  44.24  7.80
04  2.53  30.66  221.00  1.78
05  1.68  249.95  2.88  1.47
06  1.47  13.12  239.71  1.68
07  1.78  229.96  21.70  2.53
08  7.80  14.80  231.35  2.03
09  3.32  135.18  88.17  28.03
10  31.14  32.50  153.53  38.81
//
NA  RTG3
P0  A  C  G  T
01  5.90  2.58  21.71  2.51
02  0.55  0.45  10.91  20.77
03  0.32  31.94  0.32  0.12
04  31.14  0.09  1.34  0.12
05  0.09  28.42  3.89  1.67
06  0.46  0.27  15.63  0.09
07  0.12  1.34  0.09  14.90
08  0.12  0.32  15.70  0.32
09  4.53  10.91  0.45  0.55
//
NA  SFL1
P0  A  C  G  T
01  93.07  3.91  15.88  15.12
02  16.30  22.79  13.84  75.06
03  64.84  33.43  28.92  0.79
04  2.39  1.31  122.88  1.40
05  122.47  2.08  0.70  2.73
06  122.82  1.17  2.81  1.18
07  2.85  6.09  103.23  15.80
08  78.85  16.60  27.92  4.61
09  76.34  17.20  4.66  29.78
10  68.51  28.39  6.19  24.88
11  32.85  20.03  18.75  56.35
12  63.10  12.30  27.86  24.72
13  55.22  8.68  12.76  51.33
14  47.31  15.77  18.77  46.13
15  52.45  15.61  9.25  50.67
//
NA  SFP1
P0  A  C  G  T
01  68.24  5.46  43.78  10.50
02  100.10  9.43  9.10  9.35
03  115.01  4.60  5.95  2.42
04  115.78  1.19  6.49  4.52
05  109.55  1.91  5.43  11.09
06  69.32  4.35  2.05  52.26
07  11.09  5.43  1.91  109.55
08  4.52  6.49  1.19  115.78
09  2.42  5.95  4.60  115.01
10  9.35  9.10  9.43  100.10
11  16.20  51.94  11.67  48.18
12  10.58  45.41  13.23  58.75
//
NA  SIG1
P0  A  C  G  T
01  119.04  2.56  0.00  6.40
02  0.00  0.00  0.00  126.72
03  126.72  0.00  0.00  0.00
04  0.00  0.00  0.00  126.72
05  126.72  0.00  0.00  0.00
//
NA  SIP4
P0  A  C  G  T
01  0.00  14.20  0.00  0.00
02  0.00  0.00  14.20  0.00
03  0.32  0.00  13.88  0.00
04  9.65  2.77  2.11  0.00
05  0.00  3.09  0.00  11.11
06  1.75  0.00  10.74  1.88
07  14.20  0.00  0.00  0.00
08  13.88  0.00  0.00  0.00
09  7.11  0.00  0.00  7.60
10  0.00  0.00  11.59  2.29
11  0.00  0.00  13.88  0.00
12  12.15  0.00  2.28  0.00
13  5.13  2.45  6.98  0.16
//
NA  SKN7
P0  A  C  G  T
01  27.16  65.07  28.47  7.28
02  55.69  12.13  50.76  9.40
03  31.79  39.70  41.08  15.41
04  17.79  13.51  40.03  56.66
05  30.22  13.45  14.31  70.00
06  100.43  62.38  32.27  60.89
07  3.77  63.67  47.70  142.12
08  18.67  39.53  195.23  2.55
09  6.78  6.34  240.75  2.12
10  2.12  240.75  6.34  6.78
11  2.55  215.71  19.05  18.67
12  79.40  28.50  16.31  3.77
13  33.55  10.48  27.55  56.40
14  70.00  14.31  13.45  30.22
//
NA  SKO1
P0  A  C  G  T
01  9.57  0.00  0.00  0.00
02  0.00  9.57  0.00  0.00
03  1.00  0.00  8.97  0.00
04  0.00  0.00  0.00  9.57
05  9.57  0.00  0.00  0.00
06  5.92  0.00  0.00  3.64
07  0.00  0.00  0.00  9.57
08  0.00  0.00  9.57  0.00
//
NA  SMP1
P0  A  C  G  T
01  72.83  12.49  17.55  25.11
02  10.93  70.91  20.29  25.85
03  23.00  79.79  6.07  19.12
04  16.66  18.84  10.92  81.55
05  52.33  16.46  14.36  44.83
06  12.47  29.96  4.34  81.22
07  96.11  16.02  5.88  9.97
08  110.79  2.35  2.40  12.44
09  12.44  2.40  2.35  110.79
10  9.97  5.88  16.02  96.11
11  81.22  4.34  29.96  12.47
12  63.46  5.25  7.75  51.52
13  81.55  10.92  18.84  16.66
//
NA  SNT2
P0  A  C  G  T
01  0.00  0.89  3.13  28.17
02  0.00  0.00  31.36  0.00
03  14.05  2.69  17.21  0.00
04  0.00  0.00  0.00  31.36
05  31.20  0.00  0.35  0.00
06  0.07  0.00  31.30  0.00
07  0.00  31.36  0.00  0.00
08  0.00  0.00  31.36  0.00
09  0.08  30.72  0.75  0.00
10  1.68  29.69  0.00  0.00
//
NA  SOK2
P0  A  C  G  T
01  64.00  24.32  20.48  20.48
02  19.20  62.72  23.04  23.04
03  52.48  60.16  11.52  3.84
04  5.12  1.28  5.12  116.48
05  5.12  1.28  120.32  1.28
06  5.12  116.48  1.28  5.12
07  124.16  1.28  1.28  1.28
08  6.40  6.40  64.00  51.20
09  21.76  26.88  66.56  12.80
//
NA  SPT15
P0  A  C  G  T
01  2.88  2.46  17.54  2.11
02  18.17  7.97  6.65  17.19
03  10.30  5.77  0.68  33.24
04  25.67  0.19  0.64  23.47
05  1.31  0.19  0.59  47.89
06  48.52  1.06  0.10  0.30
07  2.95  0.04  0.12  46.86
08  49.27  0.05  0.15  0.52
09  1.11  5.11  0.08  43.68
10  39.09  1.25  7.62  2.02
//
NA  SRD1
P0  A  C  G  T
01  178.17  12.19  57.63  7.98
02  10.29  2.76  240.27  2.66
03  250.91  0.12  0.29  4.66
04  23.61  0.06  2.77  229.54
05  0.27  253.53  0.15  0.75
06  5.25  27.05  4.02  219.66
07  179.03  43.09  19.36  14.49
08  32.51  177.12  23.93  22.41
09  83.72  9.80  23.86  10.60
//
NA  STB1
P0  A  C  G  T
01  19.73  3.88  19.05  1.20
02  26.36  4.50  7.42  4.67
03  16.41  1.62  7.76  17.54
04  0.00  3.90  0.00  36.87
05  0.00  0.82  0.00  39.60
06  0.00  0.00  0.00  40.41
07  0.00  23.59  16.82  0.00
08  0.41  0.00  38.50  1.53
09  0.46  27.64  0.72  11.96
10  0.79  0.08  39.84  0.00
11  7.52  9.83  2.55  22.46
12  3.80  9.53  5.88  22.72
//
NA  STB3
P0  A  C  G  T
01  99.37  4.56  9.20  14.85
02  63.95  3.47  4.23  56.34
03  12.75  1.44  0.28  113.51
04  6.79  0.72  0.24  120.22
05  1.35  0.61  0.27  125.75
06  1.76  0.08  1.96  124.18
07  0.08  8.20  2.57  117.13
08  0.43  126.74  0.26  0.55
09  123.52  0.90  3.24  0.33
10  19.30  75.21  10.79  22.69
11  16.55  15.40  17.56  78.47
//
NA  STB4
P0  A  C  G  T
01  0.00  1.10  0.00  12.77
02  1.61  11.27  0.94  0.05
03  1.45  0.00  12.19  0.05
04  9.29  0.13  7.72  10.33
05  0.00  3.97  0.00  23.72
06  0.00  27.46  0.00  0.00
07  0.00  27.46  0.00  0.00
08  0.00  0.00  27.46  0.00
09  27.18  0.00  0.46  0.00
//
NA  STB5
P0  A  C  G  T
01  2.39  12.55  3.97  17.10
02  26.41  0.00  8.44  1.20
03  6.39  0.35  0.35  62.11
04  59.76  2.74  4.21  3.21
05  38.45  4.21  18.85  9.74
06  2.81  50.07  8.89  8.66
07  38.51  10.71  12.85  8.21
08  0.00  68.93  0.27  0.00
09  0.00  69.20  0.00  0.00
10  0.00  0.00  68.51  1.86
//
NA  STE12
P0  A  C  G  T
01  53.86  202.63  48.14  737.85
02  15.44  1.98  995.75  2.94
03  0.00  0.00  0.00  1008.80
04  0.00  0.98  1.00  1007.82
05  0.00  11.43  0.00  1001.58
06  1.97  927.99  0.00  88.95
07  652.40  0.00  0.00  0.00
//
NA  STP2
P0  A  C  G  T
01  30.58  14.33  72.62  10.45
02  14.56  1.42  106.12  5.88
03  4.41  82.91  0.71  39.95
04  0.28  0.73  126.43  0.54
05  0.12  108.69  19.02  0.15
06  0.21  110.89  16.39  0.49
07  1.11  1.67  121.40  3.80
08  1.80  66.63  0.58  58.96
09  79.15  1.63  43.32  3.89
//
NA  STP3
P0  A  C  G  T
01  32.00  11.52  61.44  23.04
02  23.04  53.76  26.88  24.32
03  0.00  0.00  0.00  128.00
04  128.00  0.00  0.00  0.00
05  0.00  0.00  128.00  0.00
06  0.00  128.00  0.00  0.00
07  0.00  0.00  128.00  0.00
08  0.00  81.92  23.04  23.04
//
NA  STP4
P0  A  C  G  T
01  27.41  4.43  90.12  6.02
02  22.92  14.02  14.33  76.71
03  56.37  7.7  62.79  1.12
04  3.66  99.3  3.4  21.63
05  1.22  3.62  122.31  0.82
06  1.0  3.34  121.66  1.98
07  2.22  122.19  1.93  1.64
08  3.31  1.09  10.51  113.07
09  9.93  6.76  101.91  9.38
10  91.08  7.92  3.15  25.83
//
NA  SUM1
P0  A  C  G  T
01  36.13  4.77  51.35  0.00
02  0.35  44.00  0.00  45.90
03  0.00  0.11  87.58  0.00
04  37.81  0.68  0.74  49.07
05  0.00  86.75  0.91  0.17
06  81.47  1.55  5.34  0.20
07  0.26  46.77  41.50  1.79
08  42.97  10.70  0.82  35.18
09  86.92  0.81  0.18  0.00
10  85.59  1.76  0.29  0.43
11  47.19  4.15  4.70  33.49
//
NA  SUT2
P0  A  C  G  T
01  120.41  0.77  1.61  5.19
02  124.30  0.06  1.48  2.13
03  0.06  90.83  36.81  0.28
04  0.15  2.07  0.10  125.66
05  0.35  127.08  0.18  0.37
06  0.13  126.07  1.62  0.16
07  0.27  0.19  127.15  0.37
08  101.10  2.17  21.58  3.13
//
NA  SWI4
P0  A  C  G  T
01  194.96  49.44  41.79  60.75
02  0.49  330.02  2.66  6.79
03  90.72  2.95  248.88  0.40
04  0.00  338.47  0.00  1.08
05  2.95  36.31  300.89  0.00
06  328.36  1.08  2.15  8.89
07  326.65  4.40  5.11  4.24
08  266.95  15.30  14.38  45.40
09  116.95  16.65  3.71  36.90
//
NA  SWI5
P0  A  C  G  T
01  18.85  14.38  55.43  80.12
02  0.05  0.68  165.74  0.00
03  0.00  163.91  0.00  3.49
04  0.00  0.00  0.26  166.09
05  0.31  0.00  166.15  0.00
06  19.17  0.00  147.50  0.00
07  3.33  3.33  22.53  54.23
//
NA  SWI6
P0  A  C  G  T
01  77.30  9.23  63.38  27.97
02  88.78  35.74  16.10  35.06
03  0.49  158.75  2.66  6.79
04  65.03  2.95  103.30  0.40
05  0.00  167.20  0.00  1.08
06  2.95  36.31  129.62  0.00
07  157.09  1.08  2.15  8.89
08  165.66  0.98  1.69  0.82
09  160.77  1.60  0.68  6.01
10  116.95  16.65  3.71  36.90
//
NA  TBF1
P0  A  C  G  T
01  39.84  22.83  8.13  57.18
02  200.83  14.22  16.78  24.16
03  149.28  14.39  81.89  10.42
04  22.85  231.66  1.34  1.40
05  0.31  255.16  0.19  0.32
06  0.40  254.72  0.07  0.78
07  0.08  3.69  0.11  252.10
08  220.82  11.07  16.20  6.60
09  154.67  26.08  41.96  34.54
//
NA  TBS1
P0  A  C  G  T
01  18.06  29.98  70.99  8.96
02  16.04  223.34  7.32  9.27
03  4.02  5.12  241.05  4.50
04  2.74  3.78  247.46  3.28
05  211.30  15.09  13.86  14.46
06  29.82  20.26  21.49  183.14
07  0.72  253.86  1.22  0.18
08  0.66  253.85  1.28  0.18
09  13.11  11.16  219.50  10.92
10  4.61  80.09  11.37  31.90
//
NA  TEA1
P0  A  C  G  T
01  28.89  18.45  5.15  75.49
02  20.38  53.13  29.96  24.51
03  6.01  1.73  2.99  117.25
04  9.16  23.61  163.40  59.82
05  0.30  254.56  0.71  0.40
06  0.18  1.41  254.15  0.24
07  0.68  54.63  200.26  0.40
08  128.18  10.36  98.54  18.90
09  118.96  105.72  28.90  2.40
10  159.54  3.77  18.27  74.40
11  21.15  26.06  6.63  202.14
12  2.33  1.59  0.39  123.67
13  125.42  0.65  1.32  0.59
14  124.76  0.78  0.27  2.18
15  53.76  15.79  10.79  47.64
16  40.95  16.66  15.03  55.34
17  101.26  12.12  3.57  11.03
18  22.89  49.72  21.64  33.73
19  1.05  125.10  1.05  0.78
//
NA  TEC1
P0  A  C  G  T
01  52.60  22.99  7.72  21.86
02  133.99  8.40  59.47  8.48
03  8.36  196.38  5.51  0.09
04  206.49  0.06  3.65  0.15
05  6.69  0.10  0.08  203.47
06  5.19  0.04  0.18  204.93
07  0.03  198.89  10.24  1.19
08  0.16  122.25  0.85  87.09
09  11.32  91.42  17.11  90.48
10  15.13  17.24  59.24  13.55
//
NA  THI2
P0  A  C  G  T
01  1.03  0.00  11.62  0.00
02  0.00  0.00  12.65  0.00
03  6.80  5.73  0.00  0.61
04  12.65  0.00  0.00  0.00
05  12.65  0.00  0.00  0.00
06  0.00  10.24  0.00  2.41
07  0.00  5.43  0.00  8.05
08  0.71  5.99  5.71  0.90
09  4.38  0.00  0.00  8.26
10  9.21  0.00  0.00  3.44
11  12.65  0.00  0.00  0.00
12  0.00  0.00  12.65  0.00
13  12.65  0.00  0.00  0.00
14  8.13  0.00  4.52  0.00
15  1.29  10.68  0.89  0.00
//
NA  TOS8
P0  A  C  G  T
01  35.84  60.16  25.60  6.40
02  1.28  20.48  1.28  104.96
03  0.00  0.00  128.00  0.00
04  0.00  0.00  0.00  128.00
05  0.00  128.00  0.00  0.00
06  128.00  0.00  0.00  0.00
07  81.92  8.96  8.96  28.16
08  64.00  19.20  19.20  24.32
//
NA  TYE7
P0  A  C  G  T
01  66.23  6.57  42.24  1.69
02  4.17  15.59  6.07  87.13
03  6.10  155.27  3.07  5.62
04  160.36  0.34  3.50  5.23
05  5.05  148.28  12.24  3.90
06  5.61  15.23  144.82  3.94
07  6.69  6.53  0.60  155.08
08  5.03  1.65  160.88  1.78
09  113.71  15.79  29.36  13.84
10  1.78  22.11  3.78  29.00
//
NA  UGA3
P0  A  C  G  T
01  12.80  56.32  34.56  24.32
02  5.12  37.11  80.64  5.12
03  0.00  0.00  128.00  0.00
04  0.00  128.00  0.00  0.00
05  0.00  0.00  128.00  0.00
06  0.00  0.00  128.00  0.00
07  2.56  34.56  88.32  2.56
08  108.80  2.56  2.56  12.80
//
NA  UME6
P0  A  C  G  T
01  87.09  27.07  15.23  21.82
02  115.35  25.88  43.91  123.29
03  116.73  17.11  18.54  149.51
04  4.91  4.99  3.53  286.94
05  219.26  0.58  0.32  81.46
06  31.80  12.70  254.29  1.58
07  0.42  289.65  10.13  0.17
08  0.15  296.98  3.00  0.27
09  2.69  0.33  297.30  0.32
10  1.10  298.20  0.53  0.54
11  0.39  228.27  25.18  49.52
12  50.26  74.20  160.28  23.64
13  217.99  7.29  30.13  47.68
//
NA  UPC2
P0  A  C  G  T
01  75.52  3.84  37.11  11.52
02  48.64  0.00  0.00  79.36
03  128.00  0.00  0.00  0.00
04  0.00  128.00  0.00  0.00
05  1.28  0.00  126.72  0.00
06  106.24  6.40  11.52  5.12
//
NA  USV1
P0  A  C  G  T
01  16.89  24.77  18.73  67.60
02  17.09  7.15  20.18  83.57
03  40.73  70.61  12.94  3.70
04  0.17  123.88  3.43  0.50
05  0.12  125.17  0.09  2.61
06  0.39  127.14  0.22  0.23
07  0.15  125.63  0.09  2.11
08  0.09  0.88  0.40  126.61
09  0.08  0.33  111.33  16.24
10  122.49  0.10  4.70  0.70
11  108.83  11.83  2.78  4.54
//
NA  XBP1
P0  A  C  G  T
01  8.87  43.50  8.91  66.70
02  17.30  152.70  11.41  75.84
03  1.15  3.81  0.10  250.92
04  0.25  253.12  0.50  2.10
05  2.10  0.50  253.12  0.25
06  250.92  0.10  3.81  1.15
07  87.36  12.69  151.42  5.78
//
NA  YAP1
P0  A  C  G  T
01  6.01  9.26  5.64  23.90
02  4.85  5.86  19.99  12.92
03  8.73  31.57  1.94  1.89
04  0.13  0.07  0.18  43.17
05  0.19  0.30  10.08  33.24
06  42.00  0.12  1.41  0.42
07  0.10  40.42  1.65  1.53
08  4.64  0.81  19.96  18.24
09  21.72  0.20  0.15  21.48
10  42.61  0.26  0.39  0.38
11  24.65  0.18  6.18  14.27
12  0.79  0.63  11.36  9.21
//
NA  YAP3
P0  A  C  G  T
01  83.20  24.32  15.36  5.12
02  0.00  0.00  0.00  128.00
03  0.00  0.00  0.00  128.00
04  128.00  0.00  0.00  0.00
05  0.00  128.00  0.00  0.00
06  0.00  0.00  128.00  0.00
07  2.56  2.56  2.56  120.32
08  64.00  15.36  24.32  24.32
//
NA  YAP6
P0  A  C  G  T
01  29.26  18.10  75.26  5.36
02  17.25  11.85  42.56  56.32
03  14.59  55.55  14.06  43.78
04  32.27  29.62  9.22  56.87
05  5.51  14.69  82.75  25.03
06  62.87  52.85  4.72  7.54
07  3.51  3.03  7.25  114.19
08  3.24  2.80  14.36  107.58
09  113.90  4.18  6.28  3.63
10  4.90  71.16  13.22  38.70
11  22.01  6.23  92.51  7.23
12  8.67  10.88  4.84  103.59
13  82.82  24.73  8.27  12.16
14  106.23  8.05  9.27  4.43
15  20.81  9.80  61.69  35.68
//
NA  YAP7
P0  A  C  G  T
01  71.96  25.82  1.95  8.70
02  1.95  0.00  0.00  104.10
03  0.00  0.00  21.32  83.75
04  101.72  0.98  0.97  1.72
05  12.60  11.68  83.33  0.00
06  0.00  0.97  0.00  104.36
07  77.82  25.26  1.98  0.00
08  105.07  0.00  0.00  0.00
09  0.98  0.00  63.11  43.23
10  22.46  77.59  5.09  3.94
11  66.06  11.26  23.13  12.29
//
NA  YBR239C
P0  A  C  G  T
01  0.86  4.39  1.14  121.60
02  71.78  14.12  30.06  138.74
03  7.93  183.37  8.03  56.65
04  0.33  252.45  3.00  0.19
05  0.19  3.00  252.45  0.33
06  4.17  0.35  251.21  0.25
07  246.26  1.90  1.32  6.50
08  249.60  1.14  4.39  0.86
09  9.29  182.30  11.01  52.11
//
NA  YDR026c
P0  A  C  G  T
01  1.74  0.00  2.74  14.57
02  0.00  0.00  0.40  18.17
03  0.00  1.03  0.00  17.84
04  18.33  0.00  0.00  0.00
05  0.00  18.33  0.00  0.00
06  0.00  18.33  0.00  0.00
07  1.18  17.40  0.00  0.00
08  0.00  0.00  18.33  0.00
09  0.49  0.00  17.84  0.00
//
NA  YDR520C
P0  A  C  G  T
01  0.39  254.77  0.31  0.51
02  0.31  0.28  254.90  0.49
03  0.41  0.22  254.96  0.39
04  219.92  12.10  23.77  0.19
05  33.96  22.86  180.48  18.68
06  185.04  0.14  0.30  69.22
07  29.48  0.16  0.27  224.80
08  246.17  8.17  0.53  1.11
09  105.89  28.47  28.14  93.49
//
NA  YER130C
P0  A  C  G  T
01  86.40  6.05  18.44  17.09
02  133.36  7.27  46.49  68.86
03  216.95  5.34  0.47  33.22
04  54.69  10.72  0.37  190.20
05  254.49  0.35  0.80  0.33
06  1.20  0.23  254.23  0.32
07  0.34  0.29  254.84  0.51
08  17.82  0.19  237.83  0.14
09  3.87  1.50  249.96  0.66
//
NA  YER184C
P0  A  C  G  T
01  2.56  21.76  12.80  90.88
02  0.00  98.56  19.20  10.24
03  0.00  128.00  0.00  0.00
04  0.00  0.00  128.00  0.00
05  0.00  0.00  128.00  0.00
06  88.32  39.68  0.00  0.00
//
NA  YGR067C
P0  A  C  G  T
01  1.65  1.71  251.54  1.08
02  53.33  133.88  2.77  66.00
03  0.54  0.75  252.88  1.82
04  1.04  0.70  254.03  0.20
05  1.87  0.92  252.96  0.23
06  0.50  0.60  254.21  0.67
07  24.98  45.62  44.91  141.75
08  105.61  2.72  8.60  11.06
09  36.91  55.79  20.79  14.49
10  23.86  19.00  26.75  58.36
11  30.93  14.24  55.51  27.29
12  23.12  40.32  21.62  42.92
13  88.25  6.64  19.46  13.64
//
NA  YKL222C
P0  A  C  G  T
01  122.29  61.91  48.71  24.35
02  156.04  35.36  61.38  3.20
03  0.76  253.35  0.17  1.70
04  0.32  0.64  254.81  0.21
05  0.45  0.74  254.58  0.21
06  224.41  1.73  29.29  0.54
07  129.03  9.06  111.41  6.47
08  180.57  11.23  10.17  54.00
09  26.40  15.76  13.64  198.90
10  75.27  10.30  4.94  37.47
11  76.70  14.26  21.43  15.60
//
NA  YLL054C
P0  A  C  G  T
01  2.92  15.31  14.05  95.71
02  3.68  116.68  2.89  4.72
03  1.11  103.39  20.84  2.65
04  2.31  5.71  118.86  1.1
05  25.83  32.32  24.54  45.29
06  32.0  32.0  32.0  32.0
07  32.0  32.0  32.0  32.0
08  32.0  32.0  32.0  32.0
09  32.0  32.0  32.0  32.0
10  32.0  32.0  32.0  32.0
11  32.0  32.0  32.0  32.0
12  32.0  32.0  32.0  32.0
13  32.0  32.0  32.0  32.0
14  32.0  32.0  32.0  32.0
15  1.1  118.86  5.71  2.31
16  2.65  20.84  103.39  1.11
17  4.72  2.89  116.68  3.68
18  95.71  14.05  15.31  2.92
//
NA  YLR278C
P0  A  C  G  T
01  16.64  53.76  16.64  39.68
02  0.00  128.00  0.00  0.00
03  0.00  0.00  128.00  0.00
04  0.00  0.00  128.00  0.00
05  122.88  0.00  5.12  0.00
06  5.12  17.92  104.96  0.00
07  29.44  2.56  6.40  89.60
08  34.56  6.40  6.40  80.64
//
NA  YML081W
P0  A  C  G  T
01  16.26  13.78  9.36  88.58
02  142.48  41.09  38.39  34.01
03  5.14  250.53  0.08  0.23
04  0.15  252.20  0.04  3.58
05  0.23  255.19  0.33  0.23
06  0.12  255.05  0.46  0.35
07  52.80  0.26  148.93  53.99
08  0.49  254.96  0.33  0.21
09  144.55  30.49  4.92  77.29
//
NA  YNR063W
P0  A  C  G  T
01  173.27  4.02  4.75  76.50
02  37.91  3.61  0.23  214.22
03  23.65  211.02  1.97  19.33
04  0.98  0.85  1.92  252.23
05  0.30  255.03  0.19  0.45
06  0.11  252.34  3.36  0.17
07  0.35  0.29  255.07  0.27
08  194.31  25.92  25.05  13.26
//
NA  YOX1
P0  A  C  G  T
01  18.70  2.50  3.18  4.87
02  5.86  11.59  4.74  36.00
03  9.41  7.28  0.88  41.18
04  57.76  0.30  0.03  0.39
05  81.68  3.34  0.24  0.95
06  1.02  0.09  0.33  84.77
07  3.06  7.16  0.74  77.30
08  72.86  0.11  11.70  3.38
09  43.23  20.70  20.07  3.89
10  24.27  5.69  6.52  25.00
11  7.86  5.83  6.27  37.16
12  10.70  5.29  4.47  37.23
13  11.80  14.71  6.37  25.19
14  4.16  31.12  9.84  12.50
15  4.80  32.53  13.19  7.36
16  2.74  11.93  1.83  15.14
17  10.99  4.25  9.90  5.93
18  19.74  2.32  0.66  6.13
19  13.67  2.87  0.00  11.85
//
NA  YPR013C
P0  A  C  G  T
01  70.09  10.65  31.06  16.19
02  56.85  27.31  28.88  14.94
03  15.94  112.95  15.41  110.41
04  0.28  0.29  254.97  0.44
05  11.93  35.29  0.28  208.48
06  204.93  36.14  0.11  14.80
07  142.41  0.29  112.23  1.05
08  254.71  0.11  0.84  0.32
09  0.25  0.32  0.37  255.04
10  0.28  254.90  0.28  0.52
11  128.45  76.41  24.52  26.60
//
NA  YPR015C
P0  A  C  G  T
01  35.14  6.47  59.18  27.19
02  70.71  21.70  30.77  4.80
03  2.09  95.71  2.22  27.96
04  0.52  0.59  126.51  0.36
05  0.32  2.05  0.40  125.22
06  125.91  0.97  0.43  0.67
07  113.19  0.19  14.07  0.54
08  126.32  0.28  0.53  0.85
09  0.68  0.27  0.35  126.68
10  0.62  125.94  0.21  1.20
11  41.76  73.66  7.05  5.51
12  11.12  28.37  9.98  78.51
//
NA  YPR022C
P0  A  C  G  T
01  19.20  84.48  0.00  25.60
02  0.00  128.00  0.00  0.00
03  0.00  128.00  0.00  0.00
04  0.00  128.00  0.00  0.00
05  128.00  0.00  0.00  0.00
06  0.00  128.00  0.00  0.00
//
NA  YPR196W
P0  A  C  G  T
01  172.89  3.72  46.42  32.94
02  86.90  1.06  2.00  166.03
03  36.41  4.09  1.20  214.28
04  46.20  12.86  5.59  190.05
05  42.39  120.03  17.92  75.65
06  33.39  78.37  14.46  129.76
07  2.06  229.14  22.69  2.09
08  3.98  245.43  4.75  1.82
09  7.90  10.69  225.38  13.29
10  62.53  18.74  36.57  10.15
//
NA  YRM1
P0  A  C  G  T
01  113.90  38.67  85.41  18.00
02  10.21  218.13  15.59  12.05
03  10.35  3.23  236.15  6.26
04  4.07  3.01  241.21  7.69
05  216.35  6.26  25.64  7.73
06  154.09  19.59  39.93  42.37
07  220.24  7.15  8.24  20.35
08  43.80  14.08  11.17  186.94
09  79.32  2.15  15.52  30.99
10  73.96  22.15  16.28  15.59
//
NA  YRR1
P0  A  C  G  T
01  93.66  24.47  128.95  8.91
02  3.27  245.97  0.59  6.16
03  0.62  0.37  254.64  0.34
04  0.17  2.93  252.58  0.31
05  206.17  10.56  35.15  5.39
06  133.82  13.96  58.13  51.35
07  201.55  5.55  12.22  36.66
08  11.75  3.44  1.48  239.30
09  191.52  5.55  11.41  47.50
10  185.11  19.90  27.43  23.52
//
NA  ZMS1
P0  A  C  G  T
01  19.20  19.20  19.20  70.40
02  39.68  14.08  14.08  58.88
03  0.00  128.00  0.00  0.00
04  0.00  128.00  0.00  0.00
05  0.00  128.00  0.00  0.00
06  0.00  128.00  0.00  0.00
07  24.32  5.12  69.12  30.72
08  6.40  108.80  6.40  6.40
09  64.00  12.80  12.80  38.40
//
